debug                     [9, 10, 9]                              0.3       N\A      0.0004    500          220 / 500
debug                     [9, 10, 9]                              0.3       N\A      0.0004    2500         0 / 500
debug                     [9, 10, 9]                              0.3       N\A      0.0004    50           0 / 5
debug                     [9, 10, 9]                              0.3       N\A      0.0004    50           4 / 5
debug                     [9, 10, 9]                              0.3       N\A      0.0004    100          0 / 5
debug                     [9, 10, 9]                              0.3       N\A      0.0004    0            N/A
debug2                    [9, 10, 9]                              0.3       N\A      0.0004    2500         0 / 500
debug                     [9, 10, 9]                              0.3       N\A      0.0004    1            N/A
debug2                    [9, 10, 9]                              0.3       N\A      0.0004    2501         500 / 500
debug                     [9, 10, 9]                              0.3       N\A      0.0004    0            N/A
debug2                    [9, 10, 9]                              0.3       N\A      0.0004    2500         500 / 500
debug                     [9, 10, 9]                              0.3       N\A      0.0004    0            N/A
debug2                    [9, 10, 9]                              0.3       N\A      0.0004    2500         0 / 500
debug                     [9, 10, 9]                              0.3       N\A      0.0004    0            N/A
debug2                    [9, 10, 9]                              0.3       N\A      0.0004    2500         288 / 500
debug                     [9, 10, 9]                              0.3       N\A      0.0004    2515         N/A
debug2                    [9, 10, 9]                              0.3       N\A      0.0004    5015         500 / 500
debug                     [9, 10, 9]                              0.3       N\A      0.0004    5016         N/A
debug2                    [9, 10, 9]                              0.3       N\A      0.0004    7516         500 / 500
debug                     [9, 10, 9]                              0.3       N\A      0.0004    7516         N/A
debug2                    [9, 10, 9]                              0.3       N\A      0.0004    10016        500 / 500
debug                     [9, 40, 9]                              0.5       N\A      0.0004    0            N/A
debug2                    [9, 40, 9]                              0.5       N\A      0.0004    2500         500 / 500
debug                     [9, 40, 9]                              0.5       N\A      0.0004    2            N/A
debug2                    [9, 40, 9]                              0.5       N\A      0.0004    2502         500 / 500
debug                     [9, 40, 9]                              0.5       N\A      0.0004    2503         N/A
debug2                    [9, 40, 9]                              0.5       N\A      0.0004    2504         1 / 1
debug                     [9, 40, 9]                              0.5       N\A      0.0004    2504         N/A
debug2                    [9, 40, 9]                              0.5       N\A      0.0004    2506         2 / 2
debug                     [9, 40, 9]                              0.5       N\A      0.0004    2506         N/A
debug2                    [9, 40, 9]                              0.5       N\A      0.0004    2510         4 / 4
debug                     [9, 40, 9]                              0.5       N\A      0.0004    2510         N/A
debug2                    [9, 40, 9]                              0.5       N\A      0.0004    2514         4 / 4
debug                     [9, 40, 9]                              0.5       N\A      0.0004    2514         N/A
debug2                    [9, 40, 9]                              0.5       N\A      0.0004    2518         4 / 4
debug                     [9, 40, 9]                              0.5       N\A      0.0004    2518         N/A
debug2                    [9, 40, 9]                              0.5       N\A      0.0004    2522         4 / 4
debug                     [9, 40, 9]                              0.5       N\A      0.0004    2522         N/A
debug2                    [9, 40, 9]                              0.5       N\A      0.0004    2526         4 / 4
debug                     [9, 10, 9]                              0.5       N\A      0.0004    0            N/A
debug2                    [9, 10, 9]                              0.5       N\A      0.0004    1500         298 / 300
debug                     [9, 10, 9]                              0.5       N\A      0.0004    1511         N/A
debug2                    [9, 10, 9]                              0.5       N\A      0.0004    3011         300 / 300
debug                     [9, 10, 9]                              0.5       N\A      0.0004    0            N/A
debug2                    [9, 10, 9]                              0.5       N\A      0.0004    0            N/A
debug                     [9, 10, 9]                              0.5       N\A      0.0004    0            N/A
debug2                    [9, 10, 9]                              0.5       N\A      0.0004    1500         150 / 300
debug                     [9, 10, 9]                              0.5       N\A      0.0004    0            N/A
debug2                    [9, 10, 9]                              0.5       N\A      0.0004    1500         300 / 300
debug                     [9, 10, 9]                              0.5       N\A      0.0004    0            N/A
debug2                    [9, 10, 9]                              0.5       N\A      0.0004    5000         500 / 500
debug                     [9, 10, 9]                              0.5       N\A      0.0004    0            N/A
debug2                    [9, 10, 9]                              0.5       N\A      0.0004    1500         0 / 500
debug                     [9, 10, 9]                              0.5       N\A      0.0004    1761         N/A
debug2                    [9, 10, 9]                              0.5       N\A      0.0004    2512         0 / 250
debug                     [9, 10, 9]                              0.5       N\A      0.0004    0            N/A
debug2                    [9, 10, 9]                              0.5       N\A      0.0004    750          125 / 250
debug                     [9, 10, 9]                              0.5       N\A      0.0004    808          N/A
debug2                    [9, 10, 9]                              0.5       N\A      0.0004    1308         125 / 250
debug                     [9, 10, 9]                              0.5       N\A      0.0004    0            N/A
debug2                    [9, 10, 9]                              0.5       N\A      0.0004    500          0 / 250
debug                     [9, 10, 9]                              0.5       N\A      0.0004    0            N/A
debug2                    [9, 10, 9]                              0.5       N\A      0.0004    1000         250 / 250
debug                     [9, 10, 9]                              0.5       N\A      0.0004    1002         N/A
debug2                    [9, 10, 9]                              0.5       N\A      0.0004    3502         246 / 250
debug                     [9, 10, 9]                              0.5       N\A      0.0004    3502         N/A
debug2                    [9, 10, 9]                              0.5       N\A      0.0004    4252         249 / 250
debug                     [9, 10, 9]                              0.5       N\A      0.0004    0            N/A
debug2                    [9, 10, 9]                              0.5       N\A      0.0004    1250         0 / 250
debug                     [9, 10, 9]                              0.5       N\A      0.0004    0            N/A
debug2                    [9, 10, 9]                              0.5       N\A      0.0004    1250         125 / 250
debug                     [9, 10, 9]                              0.5       N\A      0.0004    1322         N/A
debug2                    [9, 10, 9]                              0.5       N\A      0.0004    1822         125 / 250
debug                     [9, 10, 9]                              0.5       N\A      0.0004    1843         N/A
debug2                    [9, 10, 9]                              0.5       N\A      0.0004    2593         125 / 250
a                         [9, 10, 9]                              0.5       N\A      0.0004    0            N/A
d                         [9, 10, 9]                              0.5       N\A      0.0004    2500         125 / 250
a                         [9, 10, 9]                              0.5       N\A      0.0004    0            N/A
d                         [9, 10, 9]                              0.5       N\A      0.0004    2500         127 / 250
a                         [9, 10, 9]                              0.5       N\A      0.0004    0            N/A
d                         [9, 10, 9]                              0.5       N\A      0.0004    250          133 / 250
a                         [9, 10, 9]                              0.5       N\A      0.0004    462          N/A
d                         [9, 10, 9]                              0.5       N\A      0.0004    1712         124 / 250
a                         [9, 10, 9]                              0.5       N\A      0.0004    1776         N/A
d                         [9, 10, 9]                              0.5       N\A      0.0004    4277         106 / 250
a                         [9, 10, 9]                              0.5       N\A      0.0004    4279         N/A
d                         [9, 10, 9]                              0.5       N\A      0.0004    6780         125 / 250
a                         [9, 10, 9]                              0.5       N\A      0.0004    6779         N/A
d                         [9, 10, 9]                              0.5       N\A      0.0004    6780         N/A
a                         [9, 10, 9]                              0.5       N\A      0.0004    6779         N/A
d                         [9, 10, 9]                              0.5       N\A      0.0004    6780         N/A
a                         [9, 10, 9]                              0.5       N\A      0.0004    6779         N/A
d                         [9, 10, 9]                              0.5       N\A      0.0004    6781         1 / 1
a                         [9, 10, 9]                              0.5       N\A      0.0004    6780         N/A
d                         [9, 10, 9]                              0.5       N\A      0.0004    6782         1 / 1
a                         [9, 10, 9]                              0.5       N\A      0.0004    6782         N/A
d                         [9, 10, 9]                              0.5       N\A      0.0004    7283         125 / 250
a                         [9, 10, 9]                              0.5       N\A      0.0004    0            N/A
d                         [9, 10, 9]                              0.5       N\A      0.0004    0            N/A
a                         [9, 10, 9]                              0.5       N\A      0.0004    0            N/A
d                         [9, 10, 9]                              0.5       N\A      0.0004    0            N/A
a                         [9, 10, 9]                              0.5       N\A      0.0004    0            N/A
d                         [9, 10, 9]                              0.5       N\A      0.0004    0            N/A
a                         [9, 10, 9]                              0.5       N\A      0.0004    0            N/A
d                         [9, 10, 9]                              0.5       N\A      0.0004    750          222 / 250
a                         [9, 10, 9]                              0.5       N\A      0.0004    774          N/A
d                         [9, 10, 9]                              0.5       N\A      0.0004    1524         250 / 250
a                         [9, 10, 9]                              0.5       N\A      0.0004    1581         N/A
d                         [9, 10, 9]                              0.5       N\A      0.0004    2831         250 / 250
a                         [9, 10, 9]                              0.5       N\A      0.0004    2831         N/A
d                         [9, 10, 9]                              0.5       N\A      0.0004    4081         122 / 250
a                         [9, 10, 9]                              0.5       N\A      0.0004    0            N/A
d                         [9, 10, 9]                              0.5       N\A      0.0004    500          240 / 250
a                         [9, 10, 9]                              0.5       N\A      0.0004    0            N/A
d                         [9, 10, 9]                              0.5       N\A      0.0004    0            N/A
a                         [9, 10, 9]                              0.5       N\A      0.0004    7            N/A
d                         [9, 10, 9]                              0.5       N\A      0.0004    7            N/A
a                         [9, 10, 9]                              0.5       N\A      0.0004    500          N/A
d                         [9, 10, 9]                              0.5       N\A      0.0004    500          N/A
a                         [9, 10, 9]                              0.5       N\A      0.0004    500          N/A
d                         [9, 10, 9]                              0.5       N\A      0.0004    750          233 / 250
a                         [9, 10, 9]                              0.5       N\A      0.0004    750          N/A
d                         [9, 10, 9]                              0.5       N\A      0.0004    1000         250 / 250
a                         [9, 20, 9]                              0.5       N\A      0.0004    0            N/A
d                         [9, 20, 9]                              0.5       N\A      0.0004    0            N/A
a                         [9, 20, 9]                              0.5       N\A      0.0004    145          N/A
d                         [9, 20, 9]                              0.5       N\A      0.0004    2644         6 / 250
a                         [9, 20, 9]                              0.5       N\A      0.0004    2647         N/A
d                         [9, 20, 9]                              0.5       N\A      0.0004    5146         126 / 250
a                         [9, 20, 9]                              0.5       N\A      0.0004    0            N/A
d                         [9, 20, 9]                              0.5       N\A      0.0004    1000         119 / 250
a                         [9, 20, 9]                              0.5       N\A      0.0004    0            N/A
d                         [9, 20, 9]                              0.5       N\A      0.0004    0            N/A
a                         [9, 20, 9]                              0.5       N\A      0.0004    0            N/A
d                         [9, 20, 9]                              0.5       N\A      0.0004    0            N/A
a                         [9, 20, 9]                              0.5       N\A      0.0004    0            N/A
d                         [9, 20, 9]                              0.5       N\A      0.0004    500          69 / 250
a                         [9, 20, 9]                              0.5       N\A      0.0004    0            N/A
d                         [9, 20, 9]                              0.5       N\A      0.0004    0            N/A
a                         [9, 20, 9]                              0.5       N\A      0.0004    0            N/A
d                         [9, 20, 9]                              0.5       N\A      0.0004    200          47 / 100
a                         [9, 20, 9]                              0.5       N\A      0.0004    0            N/A
d                         [9, 20, 9]                              0.5       N\A      0.0004    200          51 / 100
a                         [9, 20, 9]                              0.5       N\A      0.0004    0            N/A
d                         [9, 20, 9]                              0.5       N\A      0.0004    300          51 / 100
a                         [9, 20, 9]                              0.5       N\A      0.0004    0            N/A
d                         [9, 20, 9]                              0.5       N\A      0.0004    400          51 / 100
a                         [9, 20, 9]                              0.5       N\A      0.0004    0            N/A
d                         [9, 20, 9]                              0.5       N\A      0.0004    1000         59 / 100
a                         [9, 20, 9]                              0.5       N\A      0.001     0            N/A
d                         [9, 20, 9]                              0.5       N\A      0.001     1000         52 / 100
a                         [9, 20, 9]                              0.5       N\A      0.001     0            N/A
d                         [9, 20, 9]                              0.5       N\A      0.001     1000         52 / 100
a                         [9, 20, 9]                              0.5       N\A      0.01      0            N/A
d                         [9, 20, 9]                              0.5       N\A      0.01      1000         51 / 100
a                         [9, 20, 9]                              0.5       N\A      0.01      0            N/A
d                         [9, 20, 9]                              0.5       N\A      0.01      300          54 / 100
a                         [9, 20, 9]                              0.5       N\A      0.01      0            N/A
d                         [9, 20, 9]                              0.5       N\A      0.01      1000         59 / 100
a                         [9, 40, 9]                              0.5       N\A      0.01      0            N/A
d                         [9, 20, 9]                              0.5       N\A      0.01      1000         77 / 100
a                         [9, 40, 9]                              0.5       N\A      0.01      0            N/A
d                         [9, 20, 9]                              0.5       N\A      0.01      1000         78 / 100
a                         [9, 40, 9]                              0.5       N\A      0.01      0            N/A
d                         [9, 20, 9]                              0.5       N\A      0.01      500          50 / 100
a                         [9, 40, 9]                              0.5       N\A      0.005     0            N/A
d                         [9, 20, 9]                              0.5       N\A      0.005     1000         70 / 100
a                         [9, 40, 9]                              0.5       N\A      0.005     0            N/A
d                         [9, 20, 9]                              0.5       N\A      0.005     0            N/A
a                         [9, 40, 9]                              0.5       N\A      0.001     0            N/A
d                         [9, 20, 9]                              0.5       N\A      0.001     1000         82 / 100
a                         [9, 40, 9]                              0.5       N\A      0.001     0            N/A
d                         [9, 20, 9]                              0.5       N\A      0.001     0            N/A
a                         [9, 40, 9]                              0.5       N\A      0.001     0            N/A
d                         [9, 20, 9]                              0.5       N\A      0.001     1000         90 / 100
a                         [9, 40, 9]                              0.5       N\A      0.001     0            N/A
d                         [9, 20, 9]                              0.5       N\A      0.001     1000         87 / 100
a                         [9, 40, 9]                              0.5       N\A      0.001     0            N/A
d                         [9, 20, 9]                              0.5       N\A      0.001     1000         58 / 100
a                         [9, 40, 9]                              0.5       N\A      0.001     0            N/A
d                         [9, 20, 9]                              0.5       N\A      0.001     1000         93 / 100
a                         [9, 40, 9]                              0.5       N\A      0.001     0            N/A
d                         [9, 20, 9]                              0.5       N\A      0.001     200          35 / 100
a                         [9, 40, 9]                              0.5       N\A      0.001     0            N/A
d                         [9, 20, 9]                              0.5       N\A      0.001     0            N/A
a                         [9, 40, 9]                              0.5       N\A      0.001     0            N/A
d                         [9, 20, 9]                              0.5       N\A      0.001     10           4 / 10
a                         [9, 40, 9]                              0.5       N\A      0.001     10           N/A
d                         [9, 20, 9]                              0.5       N\A      0.001     20           4 / 10
a                         [9, 40, 9]                              0.5       N\A      0.001     20           N/A
d                         [9, 20, 9]                              0.5       N\A      0.001     20           N/A
a                         [9, 40, 9]                              0.5       N\A      0.001     0            N/A
d                         [9, 20, 9]                              0.5       N\A      0.001     10           4 / 10
a                         [9, 40, 9]                              0.5       N\A      0.001     10           N/A
d                         [9, 20, 9]                              0.5       N\A      0.001     20           5 / 10
a                         [9, 40, 9]                              0.5       N\A      0.001     20           N/A
d                         [9, 20, 9]                              0.5       N\A      0.001     20           N/A
a                         [9, 40, 9]                              0.5       N\A      0.001     0            N/A
d                         [9, 20, 9]                              0.5       N\A      0.001     70           6 / 10
a                         [9, 40, 9]                              0.2       N\A      0.001     0            N/A
d                         [9, 20, 9]                              0.2       N\A      0.001     60           5 / 10
a                         [9, 40, 9]                              0.2       N\A      0.001     71           N/A
d                         [9, 20, 9]                              0.2       N\A      0.001     141          7 / 10
a                         [9, 40, 9]                              0.2       N\A      0.001     100          1 / 10
a                         [9, 40, 9]                              0.2       N\A      0.001     1100         15 / 100
a                         [9, 40, 9]                              0.2       N\A      0.001     1000         38 / 100
a                         [9, 40, 9]                              0.2       N\A      0.001     1000         89 / 100
a                         [9, 40, 9]                              0.2       N\A      0.001     2001         88 / 100
a                         [9, 40, 9]                              0.2       N\A      0.001     1004         79 / 100
a                         [9, 40, 9]                              0.2       N\A      0.001     1000         56 / 100
a                         [9, 40, 9]                              0.2       N\A      0.001     1000         8 / 100
a                         [9, 40, 9]                              0.2       N\A      0.001     2003         36 / 100
a                         [9, 40, 9]                              0.2       N\A      0.001     3003         40 / 100
a                         [9, 40, 9]                              0.2       N\A      0.001     4010         31 / 100
a                         [9, 40, 9]                              0.2       N\A      0.001     4410         50 / 100
a                         [9, 40, 9]                              0.2       N\A      0.001     500          65 / 100
a                         [9, 40, 9]                              0.2       N\A      0.001     803          81 / 100
a                         [9, 40, 9]                              0.2       N\A      0.001     1000         83 / 100
a                         [9, 40, 9]                              0.2       N\A      0.001     2007         91 / 100
a                         [9, 40, 9]                              0.2       N\A      0.001     2110         100 / 100
a                         [9, 40, 9]                              0.2       N\A      0.001     2210         100 / 100
a                         [9, 40, 9]                              0.2       N\A      0.001     100          27 / 100
a                         [9, 40, 9]                              0.2       N\A      0.01      0            N/A
a                         [9, 40, 9]                              0.2       N\A      0.01      100          13 / 100
a                         [9, 40, 9]                              0.2       N\A      0.01      1100         75 / 100
a                         [9, 40, 9]                              0.2       N\A      0.01      600          65 / 100
a                         [9, 40, 9]                              0.2       N\A      0.01      1000         74 / 100
a                         [9, 40, 9]                              0.2       N\A      0.01      2003         91 / 100
a                         [9, 40, 9]                              0.2       N\A      0.01      300          37 / 100
a                         [9, 40, 9]                              0.2       N\A      0.01      200          22 / 100
a                         [16, 40, 16]                            0.2       N\A      0.01      700          14 / 100
a                         [16, 40, 40, 16]                        0.2       N\A      0.001     1000         19 / 100
a                         [16, 40, 40, 16]                        0.2       N\A      0.001     1006         N/A
a                         [16, 40, 40, 16]                        0.2       N\A      0.001     1100         14 / 100
a                         [16, 40, 40, 16]                        0.2       N\A      0.001     1506         17 / 100
a                         [16, 40, 40, 16]                        0.2       N\A      0.001     200          9 / 100
a                         [16, 40, 40, 16]                        0.2       N\A      0.001     0            N/A
a                         [16, 40, 40, 16]                        0.2       N\A      0.001     400          16 / 100
a                         [16, 40, 40, 16]                        0.2       N\A      0.001     1400         56 / 100
a                         [16, 40, 40, 16]                        0.2       N\A      0.001     1703         44 / 100
a                         [16, 40, 40, 16]                        0.2       N\A      0.001     1000         52 / 100
a                         [16, 40, 40, 16]                        0.2       N\A      0.001     2002         68 / 100
a                         [16, 40, 40, 16]                        0.2       N\A      0.001     2006         N/A
a                         [16, 40, 40, 16]                        0.2       N\A      0.001     6068         139 / 200
a                         [16, 50, 50, 16]                        0.2       N\A      0.005     2600         16 / 200
a                         [16, 100, 16]                           0.2       N\A      0.007     100          4 / 100
a                         [16, 100, 16]                           0.2       N\A      0.01      100          6 / 100
a                         [16, 100, 16]                           0.2       N\A      0.01      2100         23 / 100
a                         [16, 100, 16]                           0.2       N\A      0.01      2800         12 / 100
a                         [9, 10, 9]                              0.2       N\A      0.03      200          10 / 100
a                         [9, 10, 9]                              0.3       N\A      0.007     0            N/A
d                         [9, 10, 9]                              0.3       N\A      0.007     1500         1 / 100
a                         [9, 10, 9]                              0.3       N\A      0.007     200          19 / 200
d                         [9, 10, 9]                              0.3       N\A      0.007     200          25 / 200
a                         [9, 10, 9]                              0.3       N\A      0.007     200          N/A
d                         [9, 10, 9]                              0.3       N\A      0.007     400          69 / 200
a                         [9, 10, 9]                              0.3       N\A      0.007     600          142 / 200
d                         [9, 10, 9]                              0.3       N\A      0.007     600          100 / 200
a                         [9, 10, 9]                              0.3       N\A      0.007     600          N/A
d                         [9, 10, 9]                              0.3       N\A      0.007     800          18 / 200
a                         [9, 10, 9]                              0.3       N\A      0.007     1000         157 / 200
d                         [9, 10, 9]                              0.3       N\A      0.007     1000         99 / 200
a                         [9, 10, 9]                              0.3       N\A      0.007     1000         N/A
d                         [9, 10, 9]                              0.3       N\A      0.007     1200         14 / 200
a                         [9, 10, 9]                              0.3       N\A      0.007     1400         182 / 200
d                         [9, 10, 9]                              0.3       N\A      0.007     1400         111 / 200
a                         [9, 10, 9]                              0.3       N\A      0.007     1400         N/A
d                         [9, 10, 9]                              0.3       N\A      0.007     1600         12 / 200
a                         [9, 10, 9]                              0.3       N\A      0.007     1600         N/A
a                         [9, 10, 9]                              0.3       N\A      0.007     1831         156 / 200
d                         [9, 10, 9]                              0.3       N\A      0.007     1807         141 / 200
a                         [9, 10, 9]                              0.3       N\A      0.007     1831         N/A
d                         [9, 10, 9]                              0.3       N\A      0.007     2007         39 / 200
a                         [9, 10, 9]                              0.3       N\A      0.007     2231         155 / 200
d                         [9, 10, 9]                              0.3       N\A      0.007     2207         119 / 200
a                         [9, 10, 9]                              0.3       N\A      0.007     2231         N/A
d                         [9, 10, 9]                              0.3       N\A      0.007     2407         90 / 200
a                         [9, 10, 9]                              0.3       N\A      0.007     2631         194 / 200
d                         [9, 10, 9]                              0.3       N\A      0.007     2607         156 / 200
a                         [9, 10, 9]                              0.3       N\A      0.007     2631         N/A
d                         [9, 10, 9]                              0.3       N\A      0.007     2607         N/A
a                         [9, 10, 9]                              0.3       N\A      0.007     100          3 / 10
a                         [9, 10, 9]                              0.3       N\A      0.007     10           2 / 10
a                         [9, 10, 9]                              0.3       N\A      0.007     20           1 / 10
a                         [9, 10, 9]                              0.3       N\A      0.007     30           1 / 10
a                         [9, 10, 9]                              0.3       N\A      0.007     40           3 / 10
a                         [9, 10, 9]                              0.3       N\A      0.007     50           6 / 10
a                         [9, 10, 9]                              0.3       N\A      0.007     60           2 / 10
a                         [9, 10, 9]                              0.3       N\A      0.007     70           2 / 10
a                         [9, 10, 9]                              0.3       N\A      0.007     80           2 / 10
a                         [9, 10, 9]                              0.3       N\A      0.007     90           0 / 10
a                         [9, 10, 9]                              0.3       N\A      0.007     100          0 / 10
a                         [9, 10, 9]                              0.3       N\A      0.007     200          48 / 100
a                         [9, 10, 9]                              0.3       N\A      0.007     400          83 / 100
a                         [9, 10, 9]                              0.3       N\A      0.007     400          N/A
a                         [9, 10, 9]                              0.3       N\A      0.007     0            N/A
a                         [9, 10, 9]                              0.3       N\A      0.007     0            N/A
d                         [9, 10, 9]                              0.3       N\A      0.007     200          59 / 100
a                         [9, 10, 9]                              0.3       N\A      0.007     200          N/A
d                         [9, 10, 9]                              0.3       N\A      0.007     400          36 / 100
a                         [9, 10, 9]                              0.3       N\A      0.007     400          N/A
d                         [9, 10, 9]                              0.3       N\A      0.007     600          18 / 100
a                         [9, 10, 9]                              0.3       N\A      0.007     600          N/A
d                         [9, 10, 9]                              0.3       N\A      0.007     800          12 / 100
a                         [9, 10, 9]                              0.3       N\A      0.007     800          N/A
d                         [9, 10, 9]                              0.3       N\A      0.007     1000         7 / 100
a                         [9, 10, 9]                              0.3       N\A      0.007     1000         N/A
d                         [9, 10, 9]                              0.3       N\A      0.007     1000         N/A
a                         [9, 10, 9]                              0.3       N\A      0.01      0            N/A
d                         [9, 10, 9]                              0.3       N\A      0.01      200          42 / 100
a                         [9, 10, 9]                              0.3       N\A      0.01      200          N/A
d                         [9, 10, 9]                              0.3       N\A      0.01      400          39 / 100
a                         [9, 10, 9]                              0.3       N\A      0.01      400          N/A
d                         [9, 10, 9]                              0.3       N\A      0.01      400          N/A
a                         [9, 10, 9]                              0.3       N\A      0.01      0            N/A
d                         [9, 10, 9]                              0.3       N\A      0.01      300          44 / 100
a                         [9, 10, 9]                              0.3       N\A      0.01      300          N/A
d                         [9, 10, 9]                              0.3       N\A      0.01      600          39 / 100
a                         [9, 10, 9]                              0.3       N\A      0.01      600          N/A
d                         [9, 10, 9]                              0.3       N\A      0.01      900          14 / 100
a                         [9, 10, 9]                              0.3       N\A      0.01      900          N/A
d                         [9, 10, 9]                              0.3       N\A      0.01      1100         23 / 100
a                         [9, 10, 9]                              0.3       N\A      0.01      1116         N/A
d                         [9, 10, 9]                              0.3       N\A      0.01      1410         0 / 100
a                         [9, 10, 9]                              0.3       N\A      0.01      1416         N/A
d                         [9, 10, 9]                              0.3       N\A      0.01      1710         0 / 100
a                         [9, 10, 9]                              0.3       N\A      0.01      1716         N/A
d                         [9, 10, 9]                              0.3       N\A      0.01      1910         0 / 100
a                         [9, 10, 9]                              0.3       N\A      0.01      1959         N/A
d                         [9, 10, 9]                              0.3       N\A      0.01      2252         46 / 100
a                         [9, 10, 9]                              0.3       N\A      0.01      2259         N/A
d                         [9, 10, 9]                              0.3       N\A      0.01      2252         N/A
a                         [9, 10, 9]                              0.3       N\A      0.01      2267         N/A
d                         [9, 10, 9]                              0.3       N\A      0.01      2559         40 / 100
a                         [9, 10, 9]                              0.3       N\A      0.01      2567         N/A
d                         [9, 10, 9]                              0.3       N\A      0.01      2859         44 / 100
a                         [9, 10, 9]                              0.3       N\A      0.01      2867         N/A
d                         [9, 10, 9]                              0.3       N\A      0.01      3159         38 / 100
a                         [9, 10, 9]                              0.3       N\A      0.01      3167         N/A
d                         [9, 10, 9]                              0.3       N\A      0.01      3359         26 / 100
a4                        [16, 100, 16]                           0.3       N\A      0.01      100          2 / 100
d4                        [16, 100, 16]                           0.3       N\A      0.01      300          4 / 100
d4                        [16, 100, 16]                           0.3       N\A      0.01      600          6 / 100
d4                        [16, 100, 16]                           0.3       N\A      0.01      900          4 / 100
d4                        [16, 100, 16]                           0.3       N\A      0.01      1200         9 / 100
d4                        [16, 100, 16]                           0.3       N\A      0.01      1300         11 / 100
d4                        [16, 100, 16]                           0.3       N\A      0.01      1687         2 / 100
d4                        [16, 100, 16]                           0.3       N\A      0.01      1987         3 / 100
d4                        [16, 100, 16]                           0.3       N\A      0.01      2287         9 / 100
d4                        [16, 100, 16]                           0.3       N\A      0.01      2587         7 / 100
d4                        [16, 100, 16]                           0.3       N\A      0.01      2887         14 / 100
d4                        [16, 100, 16]                           0.3       N\A      0.01      3191         10 / 100
d4                        [16, 100, 16]                           0.3       N\A      0.01      3491         5 / 100
d4                        [16, 100, 16]                           0.3       N\A      0.01      3691         9 / 100
d4                        [16, 100, 16]                           0.3       N\A      0.01      300          2 / 100
d4                        [16, 100, 16]                           0.3       N\A      0.01      600          6 / 100
d4                        [16, 100, 16]                           0.3       N\A      0.01      900          4 / 100
d4                        [16, 100, 16]                           0.3       N\A      0.01      1200         3 / 100
d4                        [16, 100, 16]                           0.3       N\A      0.01      1400         4 / 100
d4                        [16, 100, 16]                           0.3       N\A      0.01      1790         22 / 100
d4                        [16, 100, 16]                           0.3       N\A      0.01      2090         8 / 100
d4                        [16, 100, 16]                           0.3       N\A      0.01      2090         N/A
d4                        [16, 100, 16]                           0.3       N\A      0.01      300          51 / 100
d4                        [16, 100, 16]                           0.3       N\A      0.01      600          53 / 100
d4                        [16, 100, 16]                           0.3       N\A      0.01      900          43 / 100
d4                        [16, 100, 16]                           0.3       N\A      0.01      1200         61 / 100
d4                        [16, 100, 16]                           0.3       N\A      0.01      1500         48 / 100
d4                        [16, 100, 16]                           0.3       N\A      0.01      1807         57 / 100
d4                        [16, 100, 16]                           0.3       N\A      0.01      2107         32 / 100
d4                        [16, 100, 16]                           0.3       N\A      0.01      2407         55 / 100
d4                        [16, 100, 16]                           0.3       N\A      0.01      2707         36 / 100
d4                        [16, 100, 16]                           0.3       N\A      0.01      3007         52 / 100
d4                        [16, 50, 50, 16]                        0.3       N\A      0.01      0            N/A
d4                        [16, 50, 50, 16]                        0.3       N\A      0.005     300          62 / 100
d4                        [16, 50, 50, 16]                        0.3       N\A      0.005     600          55 / 100
d4                        [16, 50, 50, 16]                        0.3       N\A      0.005     900          42 / 100
d4                        [16, 50, 50, 16]                        0.3       N\A      0.005     1200         52 / 100
d4                        [16, 50, 50, 16]                        0.3       N\A      0.005     1400         35 / 100
d4                        [16, 50, 50, 16]                        0.3       N\A      0.005     1404         N/A
d4                        [16, 50, 50, 16]                        0.3       N\A      0.0025    300          43 / 100
d4                        [16, 50, 50, 16]                        0.3       N\A      0.0025    600          47 / 100
d4                        [16, 50, 50, 16]                        0.3       N\A      0.0025    900          48 / 100
d4                        [16, 50, 50, 16]                        0.3       N\A      0.0025    1200         46 / 100
d4                        [16, 50, 50, 16]                        0.3       N\A      0.0025    1500         49 / 100
d4                        [16, 50, 50, 16]                        0.3       N\A      0.0025    1800         51 / 100
d4                        [16, 50, 50, 16]                        0.3       N\A      0.0025    2100         37 / 100
d4                        [16, 50, 50, 16]                        0.3       N\A      0.0025    2400         57 / 100
d4                        [16, 50, 50, 16]                        0.3       N\A      0.0025    2700         63 / 100
d4                        [16, 50, 50, 16]                        0.3       N\A      0.0025    3000         54 / 100
d4                        [16, 50, 50, 16]                        0.3       N\A      0.0025    3000         N/A
d4                        [16, 50, 50, 16]                        0.3       N\A      0.0025    3309         46 / 100
d4                        [16, 50, 50, 16]                        0.3       N\A      0.0025    3609         62 / 100
d4                        [16, 50, 50, 16]                        0.3       N\A      0.0025    3909         61 / 100
d4                        [16, 50, 50, 16]                        0.3       N\A      0.0025    4209         40 / 100
d4                        [16, 50, 50, 16]                        0.3       N\A      0.0025    4509         69 / 100
d4                        [16, 50, 50, 16]                        0.3       N\A      0.0025    4809         58 / 100
d4                        [16, 50, 50, 16]                        0.3       N\A      0.0025    5009         39 / 100
d4                        [16, 50, 100, 50, 16]                   0.3       N\A      0.001     300          62 / 100
d4                        [16, 50, 100, 50, 16]                   0.3       N\A      0.001     600          48 / 100
d4                        [16, 50, 100, 50, 16]                   0.3       N\A      0.001     900          45 / 100
d4                        [16, 50, 100, 50, 16]                   0.3       N\A      0.001     1200         52 / 100
d4                        [16, 50, 100, 50, 16]                   0.3       N\A      0.001     1500         63 / 100
d4                        [16, 50, 100, 50, 16]                   0.3       N\A      0.001     1800         72 / 100
d4                        [16, 50, 100, 50, 16]                   0.3       N\A      0.001     2100         48 / 100
d4                        [16, 50, 100, 50, 16]                   0.3       N\A      0.001     2400         53 / 100
d4                        [16, 50, 100, 50, 16]                   0.3       N\A      0.001     2700         48 / 100
d4                        [16, 50, 100, 50, 16]                   0.3       N\A      0.001     3000         34 / 100
a4                        [16, 100, 16]                           0.3       N\A      0.01      0            N/A
d4                        [16, 100, 16]                           0.3       N\A      0.01      0            N/A
a4                        [16, 100, 16]                           0.3       N\A      0.01      0            N/A
d4                        [16, 100, 16]                           0.3       N\A      0.01      0            N/A
a4                        [16, 100, 16]                           0.3       N\A      0.01      0            N/A
d4                        [16, 100, 16]                           0.3       N\A      0.01      0            N/A
a4                        [16, 100, 16]                           0.3       N\A      0.01      0            N/A
d4                        [16, 100, 16]                           0.3       N\A      0.01      0            N/A
a4                        [16, 100, 16]                           0.3       N\A      0.01      0            N/A
d4                        [16, 100, 16]                           0.3       N\A      0.01      300          50 / 100
a4                        [16, 100, 16]                           0.3       N\A      0.01      300          N/A
d4                        [16, 100, 16]                           0.3       N\A      0.01      600          59 / 100
a4                        [16, 100, 16]                           0.3       N\A      0.01      600          N/A
d4                        [16, 100, 16]                           0.3       N\A      0.01      900          54 / 100
a4                        [16, 100, 16]                           0.3       N\A      0.01      900          N/A
d4                        [16, 100, 16]                           0.3       N\A      0.01      1200         54 / 100
a4                        [16, 100, 16]                           0.3       N\A      0.01      1200         N/A
d4                        [16, 100, 16]                           0.3       N\A      0.01      1300         45 / 100
tanh_trials_3_p1          [9, 100, 9]                             0.3       N\A      0.01      0            N/A
tanh_trials_3_p2          [9, 100, 9]                             0.3       N\A      0.01      1000         0 / 100
tanh_trials_3_p1          [9, 100, 9]                             0.3       N\A      0.01      0            N/A
tanh_trials_3_p2          [9, 100, 9]                             0.3       N\A      0.01      1000         0 / 100
tanh_trials_3_p1          [9, 10, 9]                              0.3       N\A      0.01      0            N/A
tanh_trials_3_p2          [9, 200, 9]                             0.3       N\A      0.01      1500         6 / 100
tanh_trials_4_p1          [16, 100, 16]                           0.3       N\A      0.01      0            N/A
tanh_trials_4_p2          [16, 100, 16]                           0.3       N\A      0.01      1500         60 / 100
tanh_trials_4_p1          [16, 100, 16]                           0.3       N\A      0.01      1500         N/A
tanh_trials_4_p2          [16, 100, 16]                           0.3       N\A      0.01      1500         N/A
tanh_trials_4_p1          [16, 100, 16]                           0.3       N\A      0.01      0            N/A
tanh_trials_4_p2          [16, 100, 16]                           0.3       N\A      0.01      500          62 / 100
tanh_trials_4_p1          [16, 100, 16]                           0.4       N\A      0.01      1500         17 / 100
tanh_trials_4_p1          [16, 100, 16]                           0.4       N\A      0.01      2200         22 / 100
tanh_trials_4_p2          [16, 100, 16]                           0.4       N\A      0.01      1500         38 / 100
tanh_trials_4_p2          [16, 100, 16]                           0.4       N\A      0.01      3000         54 / 100
tanh_trials_4_p2          [16, 100, 16]                           0.4       N\A      0.01      1500         24 / 100
tanh_trials_4_p2          [16, 100, 16]                           0.4       N\A      0.01      3000         30 / 100
tanh_trials_4_p2          [16, 100, 100, 16]                      0.4       N\A      0.01      0            N/A
tanh_trials_4_p2          [16, 100, 100, 16]                      0.4       N\A      0.005     100          5 / 100
tanh_trials_4_p2          [16, 100, 100, 16]                      0.4       N\A      0.005     8195         1753 / 4000
tanh_trials_4_p2          [16, 100, 100, 16]                      0.4       N\A      0.005     2500         51 / 100
tanh_trials_4_p2          [16, 100, 100, 16]                      0.4       N\A      0.005     5000         16 / 100
tanh_trials_4_p2          [16, 100, 100, 16]                      0.4       N\A      0.005     5400         0 / 100
tanh_trials_4_p2          [16, 100, 100, 16]                      0.4       N\A      0.005     2000         15 / 50
